11	16	4
11	140	2
11	155	1
11	242	2
11	264	2
11	410	1
11	435	1
11	458	2
11	566	1
11	636	2
11	661	1
11	668	1
11	678	1
11	710	2
11	770	1
11	821	1
11	847	1
11	864	1
11	875	1
11	877	1
11	1016	1
11	1033	1
11	1034	2
12	143	1
12	145	1
12	257	1
12	350	1
12	427	1
12	684	1
12	697	1
12	743	1
12	773	1
12	792	1
12	819	1
12	828	1
12	830	1
12	875	1
12	953	1
12	997	1
12	1052	1
12	1065	1
16	74	1
16	102	2
16	140	2
16	143	1
16	155	2
16	200	1
16	242	2
16	259	1
16	264	5
16	294	1
16	313	2
16	342	3
16	350	1
16	364	1
16	381	4
16	387	4
16	408	2
16	410	4
16	417	2
16	424	1
16	435	2
16	443	1
16	458	2
16	497	2
16	512	1
16	528	1
16	530	1
16	564	1
16	566	3
16	609	1
16	614	4
16	615	1
16	636	3
16	661	2
16	668	8
16	669	1
16	678	3
16	680	1
16	698	2
16	710	2
16	770	1
16	792	1
16	819	1
16	821	1
16	828	1
16	836	1
16	847	1
16	861	4
16	864	2
16	875	5
16	877	10
16	902	2
16	945	4
16	953	1
16	975	3
16	991	1
16	1000	3
16	1016	3
16	1025	2
16	1033	1
16	1034	2
16	1039	1
16	1043	1
16	1044	1
16	1052	1
26	213	1
26	305	2
26	460	1
26	509	1
26	571	1
26	803	1
26	994	1
30	353	3
30	367	3
30	513	3
30	981	3
36	143	1
36	157	1
36	246	1
36	408	1
36	543	1
36	791	2
36	877	1
36	1012	1
37	436	2
37	443	2
37	528	2
37	668	2
37	707	2
37	834	2
37	936	2
37	941	2
37	945	2
37	953	2
45	115	1
45	248	1
45	426	1
45	465	1
45	572	1
45	620	2
45	622	1
45	743	1
45	872	1
45	917	2
45	1000	1
45	1062	2
53	333	1
53	561	1
53	597	1
53	819	1
53	830	1
53	851	2
53	860	2
53	928	2
53	1025	1
62	199	2
62	310	1
64	99	1
64	105	2
64	254	2
64	446	2
64	627	1
64	779	2
71	96	1
71	111	1
71	146	1
71	155	1
71	331	1
71	333	1
71	375	1
71	400	1
71	424	1
71	430	1
71	512	1
71	530	1
71	574	1
71	575	1
71	582	1
71	636	1
71	725	1
71	782	1
71	821	1
71	822	1
71	861	1
71	975	1
71	1008	1
74	251	2
74	313	1
74	417	1
74	443	1
74	460	2
74	614	1
74	828	1
74	861	1
74	1025	1
82	329	1
82	367	1
82	513	1
82	614	1
82	668	1
82	696	1
82	792	1
82	836	1
82	981	1
92	217	1
92	275	1
92	563	2
92	1012	1
93	239	1
93	589	1
93	627	1
93	820	2
93	878	1
93	898	1
93	994	1
96	111	1
96	146	1
96	155	1
96	331	1
96	375	1
96	400	1
96	416	2
96	430	1
96	574	1
96	575	1
96	582	1
96	583	1
96	636	3
96	771	2
96	821	3
96	1008	1
96	1033	1
99	105	1
99	254	1
99	342	1
99	446	1
99	627	1
99	668	1
99	753	1
99	779	1
99	819	1
99	877	1
99	936	1
99	945	1
99	953	1
99	962	1
99	997	1
102	342	1
102	381	2
102	387	1
102	410	1
102	424	1
102	564	1
102	566	1
102	614	1
102	668	1
102	792	1
102	861	1
102	877	1
102	953	1
102	975	2
102	1000	1
102	1016	1
102	1039	1
103	262	1
103	552	1
103	561	1
103	668	1
103	820	1
103	824	1
103	864	1
103	902	1
103	926	1
103	938	1
103	1008	1
105	254	2
105	446	2
105	627	1
105	779	2
111	146	1
111	155	1
111	216	1
111	331	2
111	375	1
111	400	1
111	430	1
111	574	1
111	575	1
111	636	2
111	791	1
111	821	2
111	846	1
111	907	1
111	1008	1
115	325	1
115	465	1
115	680	1
115	743	1
124	125	1
124	217	1
124	239	1
124	294	1
124	465	1
124	609	1
124	889	1
124	953	1
124	1039	1
125	753	1
125	953	1
125	1039	1
127	146	1
127	260	1
127	262	1
127	331	1
127	430	1
127	530	1
127	636	1
127	782	1
127	931	1
140	155	1
140	242	2
140	264	2
140	435	1
140	458	2
140	636	1
140	710	2
140	770	1
140	821	1
140	847	1
140	864	1
140	1033	1
140	1034	1
143	145	2
143	200	1
143	216	1
143	246	1
143	355	1
143	364	2
143	381	1
143	408	1
143	528	1
143	530	1
143	574	1
143	668	2
143	678	1
143	697	1
143	698	1
143	771	1
143	791	2
143	792	1
143	828	1
143	875	2
143	877	9
143	889	1
143	945	2
143	949	1
143	953	2
143	976	1
143	997	1
143	1039	2
143	1065	1
145	432	1
145	443	1
145	528	2
145	697	1
145	771	1
145	828	1
145	875	1
145	877	2
145	902	1
145	997	1
146	155	1
146	260	2
146	331	3
146	375	1
146	400	1
146	430	3
146	530	2
146	574	1
146	575	2
146	583	1
146	615	1
146	636	3
146	771	1
146	782	1
146	821	2
146	931	2
146	1008	1
146	1033	1
155	242	1
155	264	1
155	331	1
155	350	1
155	375	1
155	381	1
155	400	1
155	430	1
155	435	2
155	458	1
155	522	1
155	574	1
155	575	1
155	614	1
155	636	3
155	710	1
155	821	2
155	847	1
155	864	2
155	907	1
155	1008	1
156	213	1
156	259	1
156	264	1
156	571	1
156	673	1
156	678	1
156	687	1
156	875	1
156	988	1
156	997	1
157	246	2
157	543	1
157	653	1
157	791	1
157	1012	1
162	861	1
162	938	1
162	975	1
186	412	1
186	569	1
186	617	2
186	759	2
186	797	2
186	822	1
186	879	2
186	958	2
186	997	1
190	275	1
190	281	1
190	412	1
190	708	2
190	812	1
190	832	1
190	846	1
190	1040	1
190	1052	1
199	310	1
199	319	1
199	552	1
199	680	1
199	764	2
199	895	1
199	1000	1
200	233	2
200	364	3
200	381	1
200	656	1
200	678	1
200	694	2
200	698	3
200	731	2
200	875	1
200	877	1
200	1051	2
204	512	1
204	528	1
204	822	1
204	861	1
204	890	1
204	902	1
204	975	1
213	259	1
213	264	1
213	305	1
213	460	1
213	509	1
213	571	2
213	803	1
213	988	1
214	219	1
214	365	1
214	409	1
214	432	1
214	630	2
214	666	1
214	684	3
214	743	1
214	832	1
214	911	1
214	966	1
214	1011	3
214	1017	1
216	246	1
216	530	1
216	574	1
216	791	2
216	846	1
216	877	1
216	907	1
217	239	1
217	294	1
217	465	1
217	563	1
217	609	1
217	889	1
217	1012	1
219	374	2
219	594	2
219	684	1
219	911	1
219	966	3
219	1011	1
233	364	2
233	656	1
233	694	2
233	698	2
233	731	2
233	1051	2
239	294	1
239	465	1
239	589	2
239	609	1
239	820	2
239	878	2
239	889	1
239	898	2
242	264	2
242	435	1
242	458	2
242	636	1
242	710	2
242	770	1
242	821	1
242	847	1
242	864	1
242	1033	1
242	1034	1
246	530	1
246	543	1
246	574	1
246	653	1
246	791	2
246	877	1
246	1012	1
248	426	1
248	428	1
248	556	1
248	620	1
248	622	1
248	641	1
248	725	1
248	840	1
248	872	1
248	917	1
248	961	1
248	1000	1
248	1008	1
248	1062	1
251	443	1
251	460	4
251	504	1
251	539	2
251	811	2
251	819	2
251	836	2
251	958	1
254	446	2
254	627	1
254	779	2
257	417	1
257	684	1
257	743	1
257	773	2
257	821	1
259	264	2
259	342	1
259	571	1
259	614	1
259	668	1
259	988	1
260	331	2
260	430	2
260	530	2
260	575	1
260	583	1
260	615	1
260	636	2
260	771	1
260	782	1
260	821	1
260	931	2
260	1033	1
262	552	1
262	561	1
262	653	1
262	754	1
262	820	1
262	824	1
262	864	1
262	902	1
262	926	1
262	938	1
262	1008	1
264	329	1
264	342	1
264	381	1
264	435	1
264	443	1
264	458	2
264	522	1
264	530	1
264	571	1
264	609	1
264	614	2
264	636	1
264	661	1
264	668	2
264	678	1
264	697	1
264	710	2
264	770	3
264	821	1
264	847	1
264	864	1
264	875	2
264	877	1
264	988	1
264	997	2
264	1033	1
264	1034	1
264	1043	1
275	281	1
275	412	1
275	563	1
275	812	1
275	846	1
275	1040	1
275	1052	1
281	412	1
281	427	1
281	445	1
281	509	1
281	812	1
281	846	1
281	1040	1
281	1052	1
294	350	3
294	409	1
294	460	1
294	465	1
294	609	1
294	661	1
294	669	1
294	698	1
294	753	1
294	828	1
294	875	1
294	877	2
294	889	1
294	997	1
294	1043	1
294	1052	1
305	460	1
305	509	1
305	571	1
305	803	1
305	994	1
313	340	1
313	417	1
313	614	1
313	668	1
313	819	2
313	828	1
313	836	1
313	861	1
313	1025	1
319	345	1
319	428	1
319	552	1
319	641	1
319	792	1
319	830	1
319	895	1
325	569	1
325	597	1
325	680	1
325	681	1
329	614	1
329	668	2
329	792	1
329	836	1
331	375	1
331	400	1
331	430	3
331	530	2
331	574	1
331	575	2
331	583	2
331	615	1
331	636	5
331	771	2
331	782	1
331	821	4
331	931	2
331	1008	1
331	1033	2
333	424	1
333	530	1
333	561	1
333	597	1
333	725	1
333	782	1
333	819	1
333	822	1
333	830	1
333	1025	1
337	350	1
337	615	1
340	819	2
342	381	1
342	387	1
342	410	1
342	424	1
342	443	1
342	504	1
342	566	1
342	614	1
342	668	4
342	753	1
342	792	1
342	819	1
342	861	1
342	877	2
342	936	1
342	945	3
342	953	2
342	962	1
342	975	2
342	997	1
342	1000	1
342	1016	1
342	1039	1
345	428	1
345	641	1
345	792	1
345	830	1
345	847	1
345	864	1
345	938	1
345	945	1
350	381	1
350	409	1
350	427	1
350	460	1
350	522	1
350	614	1
350	615	1
350	661	1
350	669	1
350	698	1
350	753	1
350	792	1
350	819	1
350	828	1
350	830	1
350	875	1
350	877	2
350	907	1
350	953	1
350	997	1
350	1043	1
350	1052	2
350	1065	1
353	367	3
353	513	3
353	981	3
355	364	1
355	877	2
364	381	1
364	656	1
364	678	1
364	694	2
364	698	3
364	731	2
364	875	1
364	877	2
364	1051	2
365	409	2
365	432	1
365	630	2
365	666	2
365	743	1
365	832	2
365	1017	2
367	513	5
367	696	2
367	981	4
374	594	2
374	966	2
375	400	2
375	430	1
375	530	1
375	574	1
375	575	1
375	636	1
375	821	1
375	1008	1
381	387	1
381	410	1
381	424	1
381	522	1
381	530	1
381	564	1
381	566	1
381	614	2
381	668	1
381	678	1
381	698	1
381	792	1
381	861	1
381	875	1
381	877	2
381	907	1
381	953	1
381	975	2
381	1000	1
381	1016	1
381	1039	1
387	408	1
387	410	2
387	424	1
387	566	1
387	614	1
387	615	1
387	668	1
387	792	1
387	861	2
387	877	2
387	902	1
387	953	1
387	975	1
387	991	1
387	1000	1
387	1016	2
387	1025	1
387	1039	1
387	1044	1
400	430	1
400	530	1
400	574	1
400	575	1
400	636	1
400	821	1
400	1008	1
408	615	1
408	791	1
408	877	3
408	902	1
409	432	1
409	630	2
409	661	1
409	666	2
409	743	1
409	832	2
409	875	1
409	877	1
409	997	1
409	1017	2
410	424	1
410	510	1
410	566	3
410	614	1
410	636	1
410	668	3
410	792	1
410	861	2
410	877	1
410	938	1
410	945	1
410	953	1
410	975	1
410	991	1
410	1000	1
410	1016	3
410	1025	1
410	1034	1
410	1039	1
410	1040	1
410	1044	1
412	569	1
412	617	1
412	759	1
412	797	1
412	812	1
412	822	1
412	846	1
412	879	1
412	958	1
412	997	1
412	1040	1
412	1052	1
413	650	1
413	668	1
413	949	1
413	953	1
413	970	1
413	1039	3
416	582	1
416	583	1
416	636	3
416	771	2
416	821	3
416	1013	1
416	1033	1
417	508	1
417	614	1
417	668	1
417	773	1
417	821	1
417	828	1
417	861	1
417	877	1
417	1025	1
424	530	1
424	566	1
424	668	1
424	725	1
424	782	1
424	792	1
424	822	1
424	861	1
424	877	1
424	953	1
424	975	1
424	1000	1
424	1016	1
424	1039	1
426	572	1
426	620	1
426	622	2
426	872	1
426	917	1
426	1000	1
426	1062	1
427	445	1
427	509	1
427	792	1
427	819	1
427	830	1
427	953	1
427	1052	1
427	1065	1
428	556	2
428	641	2
428	725	2
428	792	1
428	830	1
428	840	2
428	1008	2
430	530	2
430	574	1
430	575	2
430	583	1
430	615	1
430	636	3
430	771	1
430	782	1
430	821	2
430	931	2
430	1008	1
430	1033	1
432	443	1
432	528	1
432	630	1
432	666	1
432	743	1
432	832	1
432	877	1
432	902	1
432	1017	1
435	458	1
435	636	2
435	710	1
435	821	1
435	847	1
435	864	2
436	443	2
436	528	2
436	668	2
436	707	2
436	834	2
436	936	2
436	941	2
436	945	2
436	953	2
443	460	1
443	522	1
443	528	3
443	614	1
443	668	3
443	697	1
443	707	2
443	770	1
443	834	2
443	875	1
443	877	1
443	902	1
443	936	2
443	941	2
443	945	3
443	953	2
443	975	1
443	997	1
445	509	1
445	830	1
446	627	1
446	779	2
458	636	1
458	710	2
458	770	1
458	821	1
458	847	1
458	864	1
458	1033	1
458	1034	1
460	504	1
460	509	1
460	571	1
460	753	1
460	803	1
460	828	1
460	836	2
460	1043	1
465	609	1
465	743	1
465	889	1
467	508	1
467	668	1
467	698	1
467	819	1
467	997	2
467	1052	1
497	512	1
497	528	1
497	680	1
497	821	2
497	861	3
497	945	1
497	975	2
497	991	2
497	1000	2
504	836	1
504	945	1
505	938	2
505	944	2
505	945	1
508	668	1
508	819	1
508	997	1
508	1052	1
509	571	1
509	803	1
510	938	1
510	1040	1
512	528	2
512	582	1
512	861	3
512	902	1
512	945	1
512	975	2
512	1000	1
513	696	2
513	981	4
514	618	2
514	961	2
520	663	3
520	819	1
520	824	2
522	614	3
522	697	1
522	770	1
522	875	1
522	907	1
522	997	1
528	668	2
528	707	2
528	771	1
528	834	2
528	861	2
528	877	3
528	902	2
528	936	2
528	941	2
528	945	3
528	953	2
528	975	1
528	1000	1
530	574	1
530	575	1
530	583	1
530	615	1
530	636	2
530	725	1
530	771	1
530	782	2
530	791	1
530	821	1
530	822	1
530	877	1
530	931	2
530	1033	1
539	811	3
539	819	2
539	958	1
543	791	1
543	1012	1
552	561	1
552	820	1
552	824	1
552	864	1
552	895	1
552	902	1
552	926	1
552	938	1
552	1008	1
556	641	1
556	725	2
556	840	2
556	1008	2
561	597	1
561	819	1
561	820	1
561	824	1
561	830	1
561	860	1
561	864	1
561	902	1
561	926	1
561	938	1
561	1008	1
561	1025	2
563	656	1
563	803	1
563	1012	1
563	1046	1
564	614	1
564	975	1
564	1025	1
566	636	1
566	668	3
566	792	1
566	861	1
566	877	1
566	945	1
566	953	1
566	975	1
566	1000	1
566	1016	2
566	1034	1
566	1039	1
569	597	1
569	617	1
569	680	1
569	681	1
569	759	1
569	797	1
569	822	1
569	879	1
569	958	1
569	997	1
569	1000	1
571	803	1
571	988	1
572	620	1
572	622	1
572	917	1
572	1062	1
574	575	1
574	636	1
574	791	1
574	821	2
574	877	1
574	1008	1
575	583	1
575	615	1
575	636	2
575	771	1
575	821	2
575	931	1
575	1008	1
575	1033	1
582	636	1
582	771	1
582	821	1
582	861	1
582	975	1
583	615	1
583	636	3
583	771	3
583	821	3
583	931	1
583	1033	3
589	615	1
589	820	2
589	878	4
589	898	4
594	966	2
597	681	1
597	819	1
597	830	1
597	1025	1
609	661	1
609	678	1
609	875	1
609	877	1
609	889	1
609	1043	1
614	668	2
614	697	1
614	770	1
614	792	1
614	824	1
614	828	1
614	836	1
614	844	1
614	861	3
614	875	1
614	907	1
614	975	2
614	991	2
614	997	1
614	1016	1
614	1025	2
614	1044	1
615	636	1
615	771	1
615	821	1
615	877	2
615	878	1
615	898	1
615	902	1
615	931	1
615	1033	1
617	759	2
617	797	2
617	822	1
617	879	2
617	958	2
617	997	1
618	961	2
620	622	1
620	872	1
620	917	2
620	1000	1
620	1062	2
622	872	1
622	917	1
622	1000	1
622	1062	1
627	779	1
627	820	1
627	994	1
630	666	2
630	684	1
630	743	1
630	832	2
630	1011	1
630	1017	2
636	668	1
636	710	1
636	771	5
636	782	1
636	821	9
636	847	1
636	864	2
636	931	2
636	1008	1
636	1013	1
636	1016	1
636	1033	4
636	1034	1
641	725	1
641	792	1
641	830	1
641	840	1
641	1008	1
650	668	1
650	953	1
650	970	1
650	1039	1
653	754	2
656	694	1
656	698	1
656	731	1
656	803	1
656	1046	1
656	1051	1
661	678	2
661	875	3
661	877	3
661	997	1
661	1043	1
663	819	1
665	668	1
665	976	1
666	743	1
666	832	2
666	1017	2
668	707	2
668	753	1
668	792	3
668	819	3
668	834	2
668	836	2
668	861	1
668	877	5
668	889	1
668	936	3
668	941	2
668	945	7
668	949	1
668	953	7
668	962	1
668	970	1
668	975	2
668	976	2
668	997	2
668	1000	1
668	1016	2
668	1034	1
668	1039	4
668	1052	1
668	1065	1
669	698	1
669	877	1
669	1052	1
673	678	1
673	687	1
673	875	1
673	997	2
678	687	1
678	698	1
678	875	5
678	877	3
678	997	1
678	1043	1
680	764	1
680	792	1
680	1000	6
684	743	1
684	773	1
684	911	1
684	966	1
684	1011	3
687	875	1
687	997	3
687	1045	1
694	698	2
694	731	2
694	1051	2
696	981	1
697	770	1
697	828	1
697	875	2
697	997	2
698	731	2
698	875	1
698	877	2
698	997	1
698	1051	2
698	1052	1
707	834	2
707	936	2
707	941	2
707	945	2
707	953	2
708	832	1
710	770	1
710	821	1
710	847	1
710	864	1
710	1033	1
710	1034	1
725	782	1
725	822	1
725	840	2
725	1008	2
731	1051	2
743	773	1
743	832	1
743	1017	1
745	997	3
745	1045	2
753	819	1
753	828	1
753	877	1
753	936	1
753	945	1
753	953	1
753	962	1
753	997	1
753	1043	1
759	797	2
759	822	1
759	879	2
759	958	2
759	997	1
764	1000	1
770	875	2
770	997	2
770	1033	1
770	1034	1
771	821	5
771	877	1
771	931	1
771	1033	4
773	821	1
782	822	1
782	931	1
791	846	1
791	877	2
791	907	1
791	1012	1
792	819	1
792	830	2
792	836	1
792	861	1
792	877	2
792	945	1
792	953	3
792	975	1
792	1000	2
792	1016	1
792	1039	2
792	1052	1
792	1065	1
797	822	1
797	879	2
797	958	2
797	997	1
803	1046	1
811	819	2
811	958	1
812	846	1
812	1040	1
812	1052	1
819	830	2
819	836	1
819	877	1
819	936	1
819	945	1
819	953	2
819	958	1
819	962	2
819	997	2
819	1025	1
819	1052	3
819	1065	1
820	824	1
820	864	1
820	878	2
820	898	2
820	902	1
820	926	1
820	938	1
820	988	1
820	994	1
820	1008	1
820	1013	2
821	847	1
821	861	2
821	864	1
821	931	1
821	975	2
821	991	2
821	1008	1
821	1013	1
821	1033	4
822	879	1
822	890	1
822	958	1
822	997	1
824	861	1
824	864	1
824	902	1
824	926	2
824	938	1
824	975	1
824	991	1
824	1008	1
824	1044	1
828	861	1
828	875	1
828	895	1
828	988	1
828	997	1
828	1025	1
828	1043	1
830	953	1
830	1025	1
830	1052	1
830	1065	1
832	1017	2
834	936	2
834	941	2
834	945	2
834	953	2
840	1008	2
844	966	1
846	877	1
846	890	1
846	907	1
846	1040	1
846	1052	1
847	864	2
847	938	1
847	945	1
851	860	2
851	928	2
860	928	2
860	1025	1
861	877	1
861	902	1
861	938	1
861	945	1
861	953	1
861	975	7
861	991	4
861	1000	2
861	1016	2
861	1025	2
861	1039	1
861	1044	1
864	902	1
864	926	1
864	938	2
864	945	1
864	1008	1
872	917	1
872	1000	1
872	1062	1
875	877	5
875	997	4
875	1043	1
877	889	1
877	890	1
877	902	2
877	936	1
877	945	3
877	949	1
877	953	4
877	962	1
877	975	1
877	976	1
877	997	2
877	1000	1
877	1016	1
877	1039	3
877	1043	1
877	1052	1
877	1065	1
878	898	4
879	958	2
879	997	1
889	945	1
889	949	1
889	953	1
889	976	1
889	1039	1
889	1065	1
902	926	1
902	938	1
902	975	1
902	1008	1
911	966	2
911	1011	1
917	1000	1
917	1062	2
926	938	1
926	1008	1
931	1033	1
936	941	2
936	945	3
936	953	3
936	962	1
936	997	1
938	944	2
938	945	2
938	975	1
938	1008	1
938	1040	1
941	945	2
941	953	2
944	945	1
945	949	1
945	953	5
945	962	1
945	975	1
945	976	1
945	997	1
945	1000	1
945	1039	2
945	1065	1
949	953	1
949	976	1
949	1039	2
949	1065	1
953	962	1
953	970	1
953	975	1
953	976	1
953	997	1
953	1000	1
953	1016	1
953	1039	5
953	1052	1
953	1065	2
958	997	1
962	997	1
966	1011	1
970	1039	1
975	991	3
975	1000	1
975	1016	1
975	1039	1
976	1039	1
976	1065	1
988	1013	1
991	1016	1
991	1025	1
991	1044	1
997	1045	3
997	1052	1
1000	1016	1
1000	1039	1
1000	1062	1
1016	1025	1
1016	1034	1
1016	1039	1
1016	1044	1
1025	1044	1
1033	1034	1
1039	1065	1
1040	1052	1
1052	1065	1
