id	label	x	y	cluster	weight<Links>	weight<Total link strength>	weight<Documents>
11	"aina, t."	0.2078	-0.6256	3	23	33	4
12	"alexander, l. v."	-0.4993	0.0372	1	18	18	3
16	"allen, m. r."	0.1438	-0.3645	4	70	151	33
26	"andrews, t."	-0.6635	-0.2484	8	7	8	2
30	"arblaster, j. m."	-0.6129	1.5094	10	4	12	3
37	"arribas, a."	-0.1154	-0.8397	1	8	9	2
38	"arrighi, j."	-0.0108	0.5279	6	10	20	2
49	"balmaseda, m. a."	0.4142	0.7165	9	12	15	3
57	"barriopedro, d."	0.2917	0.6235	2	9	12	3
66	"bellprat, o."	0.6542	0.6296	4	2	3	2
69	"benedetti, a."	0.0427	1.0806	11	6	10	2
76	"betts, r. a."	0.7211	-0.3866	3	23	23	3
79	"beyerle, u."	-0.2719	-0.0103	4	11	13	4
87	"black, m. t."	-0.3167	0.7496	10	9	9	2
97	"bonfils, c. j. w."	-0.6497	-0.5154	1	4	5	2
98	"bony, s."	0.8507	0.1807	5	7	8	2
101	"booth, b. b. b."	0.8207	-0.6402	3	18	24	3
104	"boucher, o."	-0.0895	0.6037	11	16	16	2
107	"bowery, a."	0.1758	-0.0587	4	18	21	2
108	"boyd, e."	0.7019	-0.039	5	11	11	2
110	"bozzo, a."	0.0738	0.987	11	6	10	2
116	"brown, s. j."	0.5461	-0.8583	3	17	20	3
120	"buizza, r."	-0.1687	0.5275	9	5	5	2
124	"cain, m."	-0.0195	-0.4774	4	6	9	2
130	"cassou, c."	-0.1349	-0.0924	6	9	9	2
131	"cattiaux, j."	-0.2177	0.139	6	4	4	2
133	"chan, s. c."	0.9945	-0.5418	3	9	9	2
146	"christensen, c."	0.2786	-0.8188	3	15	21	2
149	"christidis, n."	-0.1202	-0.4039	1	32	48	10
151	"ciavarella, a."	-0.1989	-0.1467	1	12	15	3
152	"clark, r. t."	0.9155	-0.704	3	22	33	3
161	"collins, m."	0.4511	-0.6716	3	28	34	4
162	"collins, w. d."	-0.507	-0.4776	8	10	10	2
163	"comer, r. e."	-0.0318	-0.9989	1	6	7	2
168	"coumou, d."	0.5233	0.1222	4	3	3	2
193	"demory, m."	-0.5404	0.6643	2	9	14	2
197	"deser, c."	-0.8041	0.2187	2	9	10	3
207	"doblas-reyes, f. j."	0.5596	0.5566	4	8	10	5
208	"dole, r. m."	-0.5169	-0.7533	1	13	21	3
212	"dong, b."	0.3345	0.1791	4	7	7	2
221	"dufresne, j."	-0.6204	-0.4254	8	10	11	2
222	"dunn, r. j. h."	-1.2316	-0.0657	7	13	18	4
224	"dunstone, n. j."	0.0855	-0.7542	1	9	10	2
225	"durack, p. j."	-0.3451	-0.3692	1	9	9	2
227	"durre, i."	-1.4815	-0.1663	7	7	11	3
241	"eischeid, j."	-0.6194	-0.813	1	7	13	2
247	"eyring, v."	0.5988	-0.0717	5	11	15	3
250	"faull, n."	0.3122	-0.6888	3	15	21	2
254	"fereday, d."	0.0429	-0.8981	1	11	13	3
256	"ferranti, l."	0.7531	0.5853	9	15	15	3
259	"fischer, e. m."	-0.5329	0.244	8	10	18	6
262	"flemming, j."	0.1346	1.0173	11	6	10	2
265	"folland, c. k."	-0.5517	-0.2237	7	6	7	2
267	"forster, p. m."	-0.2712	-0.3961	8	9	10	2
268	"fosser, g."	1.0051	-0.6403	3	14	20	2
270	"fowler, h. j."	0.7248	-0.1757	5	13	13	3
272	"frame, d. j."	0.0314	-0.5749	3	36	52	9
284	"fyfe, j. c."	-0.7031	0.0713	2	9	9	2
290	"garcía-serrano, j."	-0.6903	0.2409	2	10	10	2
303	"gillett, n. p."	-0.3293	-0.2923	1	23	27	5
315	"gregory, j. m."	-0.7184	-0.2377	8	7	8	2
321	"guemas, v."	0.6918	0.6605	4	2	2	2
324	"guillod, b. p."	-0.1318	-0.0146	4	11	13	3
330	"haarsma, r."	0.1812	0.5884	2	13	13	3
336	"hamill, t. m."	-0.0457	0.7111	2	5	5	2
340	"harrington, l. j."	-0.1686	0.045	6	6	7	2
342	"harris, g. r."	0.8164	-0.7498	3	22	41	5
344	"harvey, b."	0.4179	0.1872	2	12	12	2
348	"hasselmann, k."	0.2777	-0.4043	1	2	2	3
351	"hauser, m."	-0.3726	0.2897	2	2	3	2
353	"haustein, k."	0.0499	-0.0556	4	28	38	5
356	"hazeleger, w."	0.4628	0.2543	5	9	9	2
361	"hegerl, g. c."	-0.3365	-0.1782	1	28	32	6
364	"hendon, h. h."	-0.6777	1.472	10	4	12	3
366	"herring, s. c."	-0.208	-0.5889	1	3	4	2
375	"hoerling, m. p."	-0.4203	-0.7447	1	14	24	4
376	"hogan, e."	-1.0328	0.0213	7	8	13	2
378	"hope, p."	-0.6539	1.3743	10	6	18	5
385	"houston, t. g."	-1.5665	-0.1978	7	3	6	2
386	"howard, t. p."	0.7423	-0.8277	3	14	15	2
392	"huntingford, c."	0.0132	-0.3316	4	30	37	5
398	"ingram, w. j."	0.2948	-0.181	4	23	30	4
411	"jenkins, g. j."	0.7341	-0.8989	3	14	15	2
412	"jenkins, s."	-0.0646	-0.5114	4	6	9	2
421	"jones, g. s."	0.1376	-0.5147	1	8	11	3
422	"jones, p. d."	-0.8904	-0.0999	7	14	19	4
423	"jones, r. g."	0.1919	-0.1595	4	27	38	6
425	"jung, t."	-0.6253	0.4011	2	16	16	4
426	"jézéquel, a."	0.2249	0.2965	6	6	8	3
429	"karmalkar, a. v."	0.8887	-0.4951	3	8	14	3
430	"karoly, d. j."	-0.07	-0.1243	4	13	14	4
437	"kay, a. l."	0.2883	-0.0042	4	22	22	2
439	"keeley, s. p. e."	0.5109	0.7738	9	10	11	2
440	"keenlyside, n."	-0.3986	0.4099	2	16	16	3
441	"kelder, t."	0.7222	0.3443	5	10	15	3
443	"kendon, e. j."	0.8521	-0.8558	3	22	33	3
445	"kennedy, j. j."	-0.7351	0.004	7	13	13	2
448	"kettleborough, j. a."	0.3782	-0.6045	3	12	16	2
449	"kew, s. f."	0.0761	0.5161	6	10	20	2
456	"king, a. d."	-0.1482	0.1829	6	27	40	6
458	"king, m. p."	-0.5898	0.3114	2	4	4	2
459	"kipling, z."	0.0136	1.019	11	6	10	2
471	"knight, s."	0.2372	-0.7447	3	15	21	2
473	"knutti, r."	-0.5937	-0.064	8	17	22	6
478	"kosaka, y."	-0.253	0.0428	9	9	9	2
480	"kossin, j. p."	-0.5664	0.0325	2	6	7	2
511	"leach, n. j."	0.3946	-0.2437	4	14	22	5
518	"lehner, f."	-0.3676	0.0416	8	6	6	2
519	"lenderink, g."	0.5977	0.3038	5	3	5	2
522	"lewis, s. c."	-0.4109	0.098	2	6	6	3
523	"li, c."	-0.755	-0.1082	8	9	9	3
524	"li, j."	0.2651	0.1711	5	3	3	2
526	"li, s."	0.4864	0.0662	4	11	15	3
527	"lim, e."	-0.5718	1.3552	10	6	18	5
528	"lin, h."	1.2066	0.9648	9	2	4	2
534	"lloyd, e. a."	0.4425	0.4356	5	3	6	5
536	"lo, y. t. e."	-0.2076	-0.3594	1	11	13	3
542	"lott, f. c."	0.14	0.2855	6	23	41	7
544	"lowe, j. a."	0.5381	-0.5694	3	30	37	6
554	"lüthi, d."	-0.5506	0.4566	2	4	8	3
558	"madec, g."	-0.1208	-0.9802	1	5	5	2
567	"maraun, d."	0.6862	0.1678	5	13	13	3
571	"marjoribanks, t. i."	0.9112	0.2682	5	6	10	2
577	"martius, o."	0.5456	0.2348	5	18	19	3
579	"marvel, k."	-0.726	-0.5472	1	7	8	3
580	"masato, g."	0.2075	-0.2341	4	6	6	2
582	"massey, n. r."	0.2544	-0.0945	4	20	27	3
585	"matsueda, m."	-0.2724	0.6173	2	14	14	3
587	"mauritsen, t."	-0.6585	-0.3719	8	10	11	3
588	"mayer, m."	0.4699	0.9168	9	7	7	2
590	"mccarthy, m. p."	0.5113	-0.7716	3	19	20	3
591	"mcdonald, r. e."	0.9276	-0.8058	3	20	25	2
598	"mcneall, d. j."	0.7625	-0.3067	3	9	9	2
599	"mcsweeney, c. f."	0.9095	-0.6012	3	14	23	3
604	"meehl, g. a."	0.9747	0.0482	5	6	14	4
609	"menne, m. j."	-1.5397	-0.2497	7	3	6	2
612	"methven, j."	0.0915	0.6225	2	9	9	2
624	"min, s."	-0.2195	-0.4362	1	13	13	2
630	"mitchell, d. m."	0.0475	-0.1869	4	35	48	11
631	"mitchell, j. f. b."	0.6201	-0.4134	3	22	23	7
633	"mizielinski, m. s."	-0.5454	0.5726	2	9	14	2
634	"mo, r."	1.1755	0.9995	9	2	4	2
636	"mogensen, k."	0.5989	0.8641	9	9	12	2
638	"molteni, f."	0.502	0.8428	9	10	11	2
643	"morcrette, j."	0.2397	0.7912	11	9	9	2
646	"morice, c. p."	-1.1353	-0.0204	7	10	16	3
652	"murphy, j. m."	0.6698	-0.6793	3	40	81	12
657	"müller, m."	0.6298	0.398	5	10	11	2
666	"naveau, p."	0.2144	0.3648	6	5	5	2
669	"neal, r."	0.3227	-0.9201	5	4	5	4
673	"nielsen-gammon, j. w."	-0.7251	-0.7414	1	10	10	2
679	"nozawa, t."	-0.2598	-0.5147	1	12	18	3
683	"oreskes, n."	0.3255	0.5234	5	2	4	3
685	"osaka, s."	-0.2517	0.1178	6	2	2	2
686	"osborn, t. j."	-1.1142	0.0623	7	8	13	2
688	"otto, f. e. l."	-0.0222	0.0568	6	54	110	21
689	"overland, j. e."	-0.4587	-0.3124	1	6	6	2
693	"paciorek, c. j."	-0.54	-0.3851	1	5	6	2
698	"pall, p."	-0.304	-0.6003	1	17	26	5
700	"palmer, t. n."	0.3005	0.4418	4	9	14	8
701	"pappenberger, f."	-0.1113	0.763	2	3	3	2
704	"parker, d. e."	-1.1537	-0.1568	7	10	14	4
707	"patricola, c. m."	-0.5754	-0.3155	1	6	8	3
714	"pegion, p."	-0.5634	-0.8825	1	7	13	2
716	"pepler, a. s."	-0.5551	1.2558	10	4	6	2
717	"perkins-kirkpatrick, s. e."	-0.406	-0.2735	1	11	13	2
718	"perlwitz, j."	-0.4988	-0.6118	1	19	29	5
726	"pfahl, s."	0.2918	0.3626	4	4	4	2
727	"philip, s. y."	0.136	0.4588	6	10	20	2
728	"phillips, a. s."	-0.9531	0.2345	2	2	3	2
730	"piani, c."	0.3495	-0.7689	3	15	21	2
745	"prudhomme, c."	0.7726	0.1784	5	12	16	3
751	"quan, x. w."	-0.6847	-0.847	1	7	13	2
763	"rayner, n. a."	-0.8312	0.0796	7	15	15	3
765	"reed, k. a."	-0.6718	-0.0986	1	2	5	3
773	"ribes, a."	-0.3142	0.0873	6	16	16	3
774	"richardson, d."	0.4364	-0.8469	5	2	3	2
778	"roberts, c. d."	-0.0062	0.7891	2	8	8	2
779	"roberts, m. j."	-0.3947	0.647	2	12	19	3
784	"rodwell, m. j."	0.4908	0.5321	4	3	4	2
790	"rosier, s. m."	-0.0772	-0.6306	3	15	19	4
791	"rostron, j. w."	0.7889	-0.5359	3	19	35	6
793	"rowell, d. p."	-0.5647	-0.1731	7	6	7	2
800	"rémy, s."	0.1108	1.0809	11	6	10	2
803	"sanderson, m."	0.8272	-0.3737	3	13	14	2
812	"scaife, a. a."	-0.0156	-0.7952	1	14	19	4
813	"schaller, n."	0.0548	0.1768	4	34	42	6
818	"schiemann, r."	-0.4556	0.7016	2	12	19	3
824	"schmidt, g. a."	-0.8027	-0.4098	8	9	9	2
832	"schär, c."	-0.5179	0.4117	2	4	8	4
833	"screen, j. a."	-0.6952	0.1753	2	7	7	3
840	"seneviratne, s. i."	-0.2801	0.3296	2	34	47	12
841	"senior, c. a."	0.8104	0.0402	5	19	25	6
842	"sexton, d. m. h."	0.6552	-0.5424	3	40	74	13
843	"shaffrey, l. c."	-0.1516	0.368	2	17	17	3
845	"shepherd, t. g."	0.6806	0.0396	5	17	19	8
849	"shiogama, h."	-0.2732	-0.1144	1	20	20	5
851	"sillmann, j."	-0.0825	0.4597	2	18	20	4
853	"simpson, i. r."	-1.0403	0.106	7	10	15	3
855	"singh, r."	0.0716	0.4014	6	10	20	2
857	"sippel, s."	-0.3594	0.1577	8	12	15	4
861	"slater, l. j."	0.8617	0.3122	5	6	10	2
865	"smith, a."	-0.8029	-0.2412	7	2	2	2
866	"smith, c. j."	-0.2526	-0.2348	8	9	9	2
867	"smith, d. m."	-0.4592	-0.1885	2	13	13	3
868	"smith, l. a."	0.4038	-0.4758	3	15	16	2
872	"soares, p. m. m."	0.3325	0.7533	2	3	6	2
881	"sousa, p. m."	0.3963	0.6202	2	6	9	3
882	"sparrow, s. n."	0.3971	-0.11	4	36	61	10
886	"stainforth, d. a."	0.5277	-0.3381	5	24	30	4
896	"stockdale, t. n."	0.6204	0.7177	9	8	8	2
899	"stone, d. a."	-0.3546	-0.4666	1	28	49	11
901	"stott, p. a."	-0.1103	-0.2527	1	61	115	25
902	"stouffer, r. j."	0.9541	-0.0341	5	6	14	4
903	"strachan, j."	-0.6029	0.6188	2	9	14	2
913	"sun, y."	-0.1915	-0.0588	6	15	15	2
914	"sutton, r. t."	-0.2033	0.0112	2	4	4	2
919	"takayabu, i."	0.3783	0.4254	5	4	4	2
922	"taylor, k. e."	1.0257	-0.0152	5	6	14	4
926	"tett, s. f. b."	0.5036	-0.043	5	23	26	5
931	"thompson, v."	-0.0075	-0.6748	1	9	9	2
935	"thorne, p. w."	-1.3921	-0.1299	7	5	6	2
941	"tietsche, s."	0.59	0.786	9	9	12	2
950	"trenberth, k. e."	0.7826	-0.0413	5	10	11	2
952	"trigo, r. m."	0.3585	0.8003	2	3	6	2
956	"tucker, s."	1.0116	-0.7354	3	14	20	2
961	"van aalst, m."	-0.0563	0.3795	6	17	30	3
963	"van den hurk, b. j. j. m."	0.5918	0.097	5	21	25	6
966	"van der wiel, k."	0.0162	0.452	6	10	20	2
967	"van garderen, l."	0.7707	0.1039	5	1	1	2
969	"van meijgaard, e."	0.6315	0.2646	5	3	5	2
970	"van oldenborgh, g. j."	0.1667	0.1715	6	39	70	13
974	"vanderlinden, j."	-0.1312	0.0873	6	10	11	2
978	"vautard, r."	-0.0423	0.2495	6	45	77	9
983	"vidale, p. l."	-0.4511	0.5693	2	16	23	4
986	"vitart, f."	1.1234	0.9204	9	3	5	4
987	"vogel, m. m."	-0.2079	0.2662	6	10	11	2
991	"vose, r. s."	-1.4124	-0.2189	7	8	13	5
995	"vrac, m."	0.1689	0.3722	6	5	5	2
1000	"wallom, d. c. h."	0.3908	0.0042	4	32	50	9
1001	"walsh, t."	-0.1045	-0.5492	4	6	9	2
1002	"walton, p."	-0.2039	0.0824	6	10	11	2
1007	"wang, g."	-0.5593	1.4355	10	6	16	4
1014	"watanabe, m."	-0.1618	-0.4985	8	8	8	3
1017	"watson, p. a. g."	0.5254	-0.1923	4	12	20	4
1020	"webb, m. j."	0.2568	0.2302	8	5	5	2
1023	"wehner, m. f."	-0.4459	-0.0614	1	44	61	16
1026	"weisheimer, a."	0.3722	0.3069	4	32	42	9
1034	"wilby, r. l."	0.8468	-0.1842	5	29	33	4
1037	"willett, k. m."	-1.3105	-0.1401	7	6	10	3
1038	"williams, a. p."	-0.2758	-0.8498	1	8	8	2
1039	"williams, k. d."	0.6777	-0.2978	3	5	6	3
1042	"wilson, s."	0.2985	-0.2721	4	23	31	3
1043	"winn, j. p."	-1.0504	-0.0494	7	8	13	2
1051	"woollings, t."	0.2857	0.1026	4	21	25	5
1060	"yamazaki, k."	0.6356	-0.8007	3	23	35	5
1061	"yamazaki, y. h."	0.2805	-0.5468	3	14	16	2
1066	"yiou, p."	0.1268	0.044	6	27	42	8
1067	"yoon, j."	-0.4335	0.2198	2	10	10	2
1070	"yukimoto, s."	-0.4171	-0.3746	1	12	12	2
1071	"zappa, g."	0.4552	-0.2054	4	9	9	2
1072	"zarzycki, c. m."	-0.6625	-0.1565	1	3	6	3
1074	"zelinka, m. d."	-0.837	-0.6077	1	3	3	2
1079	"zhang, t."	-0.6334	-0.9092	1	7	13	2
1080	"zhang, x."	-0.4921	0.1314	2	24	27	5
1090	"zuo, h."	0.6598	0.8074	9	9	12	2
1093	"zwiers, f. w."	-0.2724	0.1844	6	16	17	2
